110
121
133
146
161
177
195
214
236
259
285
314
345
380
418
459
505
556
612
673
740
814
895
985
1083
1192
1311
1442
1586
1745
1919
2111
2323
2555
2810
3091
3400
3740
4114
4526
4979
5476
6024
6626
7289
8018
8820
9702
10672
11739
12913
14204
15625
17187
18906
20797
22876
25164
27680
30448
33493
36842
40527
44579
49037
53941
59335
65268
71795
78975
86872
95559
105115
115627
127190
139908
153899
169289
186218
204840
225324
247856
272642
299906
329897
362887
399175
439093
483002
531302
584432
642876
707163
777880
855668
941234
1035358
1138894
1252783
1378061